Date,Calories Burned,Steps,Distance,Floors,Minutes Sedentary,Minutes Lightly Active,Minutes Fairly Active,Minutes Very Active,Activity Calories
2013-07-26,3366,16629,7.63,0,692,191,200,41,2013
2013-07-27,3217,14766,6.77,0,692,180,197,23,1819
2013-07-28,3121,13684,6.28,0,650,167,199,7,1674
2013-07-29,2648,7641,3.52,0,732,135,100,12,1048
2013-07-30,3228,15313,7.02,0,558,173,193,28,1832
2013-07-31,3163,15393,7.06,0,598,138,185,33,1729
2013-08-01,3312,16221,7.45,0,634,174,222,21,1935
2013-08-02,3292,15757,7.23,0,564,186,208,27,1921
2013-08-03,3071,12764,5.85,0,519,192,176,13,1659
2013-08-04,3454,18760,8.6,0,670,167,230,34,2110
2013-08-05,2883,10693,4.9,0,741,157,120,23,1361
2013-08-06,2755,8587,3.94,0,742,168,113,10,1218
2013-08-07,2942,10137,4.65,0,656,215,144,7,1495
2013-08-08,3149,13126,6.02,0,617,205,165,28,1744
2013-08-09,3033,12353,5.66,0,656,178,152,19,1573
2013-08-10,2963,10879,4.99,0,695,189,124,22,1464
2013-08-11,2953,11325,5.19,0,590,161,172,7,1471
2013-08-12,3124,12796,5.87,0,824,188,136,37,1641
2013-08-13,3084,12466,5.72,0,662,198,164,14,1641
2013-08-14,2909,10893,5,0,709,159,139,21,1414
2013-08-15,3166,14950,6.86,0,686,138,155,46,1689
2013-08-16,2781,8747,4.01,0,797,161,121,6,1214
2013-08-17,3292,15682,7.19,0,750,181,194,29,1882
2013-08-18,3569,20856,9.56,0,587,146,255,37,2227
2013-08-19,2712,8100,3.71,0,751,151,107,11,1135
2013-08-20,2939,11378,5.22,0,718,149,134,24,1408
2013-08-21,2716,8414,3.88,0,817,145,100,14,1134
2013-08-22,2834,10157,4.66,0,753,139,123,20,1275
2013-08-23,3004,11562,5.31,0,690,180,132,26,1502
2013-08-24,3186,14354,6.58,0,766,158,186,30,1737
2013-08-25,2946,11747,5.39,0,717,137,150,16,1406
2013-08-26,2331,4278,1.96,0,908,99,38,10,618
2013-08-27,2782,9017,4.15,0,656,147,113,17,1206
2013-08-28,2860,9794,4.49,0,703,177,129,11,1351
2013-08-29,2989,12113,5.55,0,742,147,121,39,1456
2013-08-30,2855,8853,4.06,0,710,211,113,11,1356
2013-08-31,3509,17481,8.02,0,545,246,225,29,2229
2013-09-01,3036,14857,6.81,0,631,89,154,46,1544
2013-09-02,2657,8776,4.02,0,856,108,123,11,1086
2013-09-03,3611,18190,8.38,0,482,272,299,7,2443
2013-09-04,2811,9013,4.15,0,852,183,100,20,1281
2013-09-05,3110,12822,5.88,0,732,196,170,20,1679
2013-09-06,2694,9839,4.51,0,783,97,124,16,1131
2013-09-07,3158,13531,6.23,0,677,199,173,24,1746
2013-09-08,3240,16715,7.67,0,616,110,208,37,1799
2013-09-09,2947,11880,5.45,0,721,139,122,38,1418
2013-09-10,2818,10132,4.65,0,737,138,124,16,1263
2013-09-11,2674,7831,3.59,0,741,136,123,5,1096
2013-09-12,2829,10029,4.6,0,749,141,117,23,1271
2013-09-13,2996,11967,5.49,0,906,144,148,26,1466
2013-09-14,2790,8859,4.06,0,752,163,134,6,1255
2013-09-15,2594,8564,3.93,0,919,76,111,12,962
2013-09-16,2909,10823,4.96,0,778,147,162,10,1394
2013-09-17,2958,11514,5.28,0,647,147,150,21,1441
2013-09-18,3283,15706,7.2,0,695,168,203,31,1870
2013-09-19,3149,14129,6.48,0,654,154,172,31,1681
2013-09-20,2894,10701,4.91,0,907,139,122,32,1341
2013-09-21,3742,21323,9.78,0,543,214,271,48,2505
2013-09-22,3619,18544,8.5,0,555,261,301,4,2414
2013-09-23,3216,13570,6.22,0,601,222,198,14,1843
2013-09-24,3007,11029,5.06,0,707,203,166,7,1555
2013-09-25,2867,10044,4.64,0,747,186,145,7,1406
2013-09-26,3177,13170,6.04,0,672,219,172,23,1781
2013-09-27,2831,9193,4.22,0,712,176,123,13,1308
2013-09-28,3060,11825,5.42,0,640,201,159,20,1621
2013-09-29,2906,11037,5.06,0,889,151,160,10,1413
2013-09-30,2754,8476,3.89,0,747,152,120,11,1187
2013-10-01,2846,9527,4.37,0,711,179,123,17,1340
2013-10-02,3066,11511,5.28,0,636,233,178,3,1676
2013-10-03,3048,11298,5.18,0,652,217,153,17,1612
2013-10-04,3325,16197,7.43,0,593,188,174,50,1948
2013-10-05,3316,15682,7.19,0,672,196,219,23,1959
2013-10-06,3029,13962,6.4,0,738,107,179,25,1530
2013-10-07,2907,10536,4.83,0,724,165,133,23,1401
2013-10-08,2751,8603,3.95,0,758,157,110,14,1192
2013-10-09,2997,12350,5.66,0,748,153,146,28,1500
2013-10-10,2896,9891,4.54,0,804,193,121,15,1386
2013-10-11,2707,8067,3.7,0,762,152,111,10,1140
2013-10-12,3213,14341,6.58,0,644,201,178,27,1812
2013-10-13,3233,16009,7.34,0,716,129,218,32,1814
2013-10-14,2909,10330,4.74,0,766,173,147,14,1412
2013-10-15,2605,7016,3.22,0,815,143,93,8,1014
2013-10-16,2959,10672,4.89,0,740,181,130,24,1443
2013-10-17,2978,11943,5.48,0,705,147,158,25,1485
2013-10-18,2810,9517,4.36,0,744,148,129,14,1259
2013-10-19,2931,10577,4.85,0,700,193,139,15,1467
2013-10-20,3570,20167,9.25,0,604,167,252,47,2261
2013-10-21,2738,9370,4.3,0,774,129,105,22,1165
2013-10-22,3230,13582,6.23,0,702,237,206,10,1888
2013-10-23,2790,8618,3.95,0,1017,185,119,4,1256
2013-10-24,2989,12012,5.51,0,635,146,165,22,1494
2013-10-25,2890,10735,4.92,0,694,152,142,22,1394
2013-10-26,3204,14097,6.46,0,682,195,166,33,1777
2013-10-27,3740,24728,11.34,0,475,101,205,109,2412
2013-10-28,3074,14379,6.59,0,1108,119,178,35,1614
2013-10-29,2857,10670,4.89,0,1106,139,136,22,1338
2013-10-30,2722,9111,4.18,0,1176,129,120,15,1169
2013-10-31,2688,8447,3.87,0,1180,128,122,10,1116
2013-11-01,2948,11469,5.26,0,1112,149,164,15,1452
2013-11-02,3484,19349,8.87,0,1050,139,166,85,2071
2013-11-03,2990,11925,5.47,0,1132,125,162,21,1421
2013-11-04,2937,11624,5.33,0,1155,129,122,34,1364
2013-11-05,2942,11550,5.3,0,1119,151,157,13,1437
2013-11-06,2837,9322,4.27,0,1127,174,133,6,1305
2013-11-07,2990,12277,5.63,0,1119,146,157,18,1477
2013-11-08,2760,9340,4.28,0,1160,131,140,9,1215
2013-11-09,2561,6719,3.08,0,1221,111,104,4,922
2013-11-10,3203,15099,6.92,0,1039,162,233,6,1811
2013-11-11,2634,7327,3.36,0,1187,142,103,8,1047
2013-11-12,2757,8548,3.96,0,1155,148,128,9,1199
2013-11-13,2695,7911,3.64,0,1165,166,100,9,1145
2013-11-14,2758,8481,3.89,0,1144,168,119,9,1221
2013-11-15,2679,7962,3.65,0,1180,146,102,12,1101
2013-11-16,2872,8958,4.11,0,1093,224,116,7,1388
2013-11-17,2925,11397,5.23,0,1135,134,146,25,1400
2013-11-18,2882,10526,4.83,0,1123,156,146,15,1381
2013-11-19,2690,7787,3.59,0,1173,158,94,15,1119
2013-11-20,2749,8004,3.67,0,1141,177,117,5,1208
2013-11-21,2755,8417,3.86,0,1160,158,109,13,1177
2013-11-22,2999,10784,4.95,0,1060,222,145,13,1563
2013-11-23,2916,10718,4.91,0,1116,161,139,24,1420
2013-11-24,2803,10594,4.86,0,1192,101,113,34,1209
2013-11-25,3202,14640,6.71,0,1068,181,138,53,1762
2013-11-26,2702,9042,4.16,0,1205,119,85,31,1102
2013-11-27,2827,9341,4.28,0,1130,178,115,17,1313
2013-11-28,2945,11689,5.36,0,1130,131,162,17,1417
2013-11-29,2776,9680,4.44,0,1168,124,140,8,1210
2013-11-30,3015,12653,5.8,0,1103,158,156,23,1543
2013-12-01,2919,12025,5.51,0,1174,93,135,38,1329
2013-12-02,2629,7039,3.23,0,1211,130,82,17,979
2013-12-03,2845,9712,4.45,0,1133,162,131,14,1318
2013-12-04,1914,4533,2.08,0,947,94,65,3,663
